14
6
1266 872 494 1185 744 945 
13
1907 180 508 1115 1713 569 714 1640 409 1684 658 643 1452 
15
1025 1045 1536 93 1129 1867 1644 370 17 635 593 593 103 587 593 
10
283 598 1708 1468 478 862 467 644 158 1605 
11
1762 1579 975 325 1106 1201 1692 1717 739 555 589 
7
1131 24 143 799 797 70 1505 
13
214 1644 358 905 2044 993 1006 1420 927 1900 347 1186 1105 
16
1202 1758 1905 2050 876 1748 384 1582 1877 185 1478 22 341 1741 17 1987 
5
1886 538 982 1732 1278 
15
887 945 986 1840 1653 429 944 804 694 1768 1668 1487 1262 778 1392 
11
900 260 1762 1649 574 1946 108 1141 1432 1140 639 
11
1548 37 524 739 466 9 11 548 532 75 1996 
16
1895 1533 1847 303 1463 1374 720 662 1666 1924 442 931 1818 202 241 1856 
12
1583 740 1535 1549 514 1667 1417 2033 1975 1746 591 1903 
